cluster\class   |       cla0    cla1    cla2    cla3    cla4    cla5    cla6    cla7    cla8    cla9    | Sum
clu0            |       0       0       0       0       6       0       2       0       0       0       | 8
clu1            |       0       0       0       0       0       0       0       0       0       0       | 0
clu2            |       0       0       0       0       0       0       0       0       0       0       | 0
clu3            |       3       33      1       13      192     64      198     0       21      2       | 527
clu4            |       0       146     0       168     2       96      0       25      13      105     | 555
clu5            |       33      0       0       0       0       1       0       0       34      0       | 68
clu6            |       0       0       2       1       0       18      0       19      0       86      | 126
clu7            |       0       0       0       0       0       0       0       0       0       1       | 1
clu8            |       2       21      197     18      0       21      0       156     13      6       | 434
clu9            |       162     0       0       0       0       0       0       0       119     0       | 281
Sums            |       200     200     200     200     200     200     200     200     200     200     | 2000

Random index: 0.815396
